7846 20
5396 15
7550 9
6148 13
4048 1
7018 11
4104 4
1402 12
8278 19
1130 10
1530 7
7985 18
9220 9
4327 11
7059 18
3299 5
3545 18
3493 11
2308 18
2462 12
9211 18
3111 15
2066 10
1896 4
4857 12
8565 10
1349 17
2333 9
2504 9
2956 17
7705 9
4801 11
3684 20
2724 14
6116 8
5625 3
5116 8
4582 13
9729 1
6171 7
2650 16
7286 7
2108 16
9855 1
9112 8
1746 17
7526 17
8543 10
4967 20
7848 11
8921 8
6008 14
7658 14
2805 9
7529 4
6006 8
4050 12
2295 2
6726 2
5484 2
6460 4
9768 1
6224 19
8433 5
6066 17
6510 11
6547 15
6861 18
8824 9
7449 19
5300 15
4697 5
9886 12
6091 16
6150 16
1825 16
9417 6
2942 9
6188 18
4967 5
8376 9
7154 2
4010 10
3460 9
2953 11
4867 3
2744 10
3149 17
5158 16
1793 7
9239 8
4368 13
1681 14
7250 7
1704 15
6083 6
4135 7
8525 16
4739 8
9043 9
